2.12028055156508,0.502785045522651,0.709033583511777,0.0752005683697703,0.533702257256621,0.996462675076854,0.562977064850486,0.595292948344732
0.502785045522651,1.74942059160505,0.555263985885739,0.589102379922289,0.472616371195739,0.265018285144099,0.230882795329875,0.506110755115878
0.709033583511777,0.555263985885739,1.57039466729602,0.674242070575373,0.32381119585237,0.792067001328556,0.144762424745718,0.776399255277813
0.0752005683697703,0.589102379922289,0.674242070575373,1.90340429044376,0.430986087686128,0.134609260492325,0.677095829206699,0.685202743605319
0.533702257256621,0.472616371195739,0.32381119585237,0.430986087686128,2.08028867829641,0.0355361484202162,0.354070510682812,0.319493640474063
0.996462675076854,0.265018285144099,0.792067001328556,0.134609260492325,0.0355361484202162,1.76933736669887,0.510472306979145,0.832142882335474
0.562977064850486,0.230882795329875,0.144762424745718,0.677095829206699,0.354070510682812,0.510472306979145,2.01009752992637,0.660821562164636
0.595292948344732,0.506110755115878,0.776399255277813,0.685202743605319,0.319493640474063,0.832142882335474,0.660821562164636,1.90245909837556
