1.84976054786866,0.133044583459622,0.127723467094002,0.468574998383849,0.496210565449876,0.950353490513984,0.279558831325007,0.468432429034969
0.133044583459622,1.28974211275981,0.534120398947354,0.982687802974098,0.287662210628729,0.67126664903198,0.170469620820808,0.687341206893558
0.127723467094002,0.534120398947354,1.10866904833274,0.682221161596553,0.183019317387167,0.186054610125211,0.677100559769676,0.683078528747416
0.468574998383849,0.982687802974098,0.682221161596553,1.9228730764394,0.961219012410983,0.289841958143097,0.902417928326231,0.421435885869654
0.496210565449876,0.287662210628729,0.183019317387167,0.961219012410983,1.80823383408442,0.0582078244969975,0.351987321656847,0.659342526120964
0.950353490513984,0.67126664903198,0.186054610125211,0.289841958143097,0.0582078244969975,1.09603858078467,0.100158516082145,0.633427129209305
0.279558831325007,0.170469620820808,0.677100559769676,0.902417928326231,0.351987321656847,0.100158516082145,1.84497459410904,0.52514600876635
0.468432429034969,0.687341206893558,0.683078528747416,0.421435885869654,0.659342526120964,0.633427129209305,0.52514600876635,1.24325380819672
