1.44369743792613,0.151849633345938,0.0396985204005581,0.8300114375863,0.787036774387481,0.747135972885189,0.0502386763099912,0.788283984026919
0.151849633345938,1.89685054826979,0.80162230631508,0.971035485409373,0.630077021670898,0.336660850217914,0.402505130841642,0.538409743181206
0.0396985204005581,0.80162230631508,1.57025493247223,0.422483055378165,0.508819384742858,0.883354376608119,0.965191642894027,0.741670446331037
0.8300114375863,0.971035485409373,0.422483055378165,1.21774288959399,0.567686157113902,0.333655919554046,0.414375943507169,0.739720607113103
0.787036774387481,0.630077021670898,0.508819384742858,0.567686157113902,1.47302890992019,0.796014568867704,0.330523570628246,0.44479460682372
0.747135972885189,0.336660850217914,0.883354376608119,0.333655919554046,0.796014568867704,1.96862187152515,0.636372354340482,0.850409858251714
0.0502386763099912,0.402505130841642,0.965191642894027,0.414375943507169,0.330523570628246,0.636372354340482,2.02186341295443,0.494534859776397
0.788283984026919,0.538409743181206,0.741670446331037,0.739720607113103,0.44479460682372,0.850409858251714,0.494534859776397,2.11199557755781
