1.75863125342085,0.836950030872697,0.84042044696273,0.793778670348512,0.63644376192001,0.363179771180166,0.0309299369336496,0.514080993552528
0.836950030872697,1.85355068810287,0.337496725855252,0.14156748123215,0.0477706574946866,0.541884227343648,0.626900804567717,0.38751186915977
0.84042044696273,0.337496725855252,2.16898845293385,0.608101843262703,0.698346125142574,0.222141917491138,0.936996636793824,0.978609763754846
0.793778670348512,0.14156748123215,0.608101843262703,2.6701816457226,0.257109528349725,0.905487329016586,0.319935295747151,0.291817737857962
0.63644376192001,0.0477706574946866,0.698346125142574,0.257109528349725,2.43045432723507,0.373541166741193,0.74517472806789,0.592342563565038
0.363179771180166,0.541884227343648,0.222141917491138,0.905487329016586,0.373541166741193,1.81836932081689,0.288928404611631,0.571356443653253
0.0309299369336496,0.626900804567717,0.936996636793824,0.319935295747151,0.74517472806789,0.288928404611631,1.86390686736413,0.615855992133189
0.514080993552528,0.38751186915977,0.978609763754846,0.291817737857962,0.592342563565038,0.571356443653253,0.615855992133189,2.30046708555034
