2.69813466695018,0.155455797421629,0.554477016050884,0.894414243427353,0.69971610349797,0.142514517556934,0.706984202646605,0.324874493506119
0.155455797421629,2.7783955208895,0.0297521187908203,0.49719038432326,0.460747231191468,0.939671596272712,0.694164365209663,0.521821812384203
0.554477016050884,0.0297521187908203,3.22802267270374,0.209287003220931,0.170593046636282,0.000260855170530649,0.265120839031383,0.951887882170099
0.894414243427353,0.49719038432326,0.209287003220931,3.08291353301049,0.794371448631307,0.438805016030051,0.326573618038929,0.668978416949832
0.69971610349797,0.460747231191468,0.170593046636282,0.794371448631307,3.24981604000235,0.0111677697481697,0.093233937019789,0.473121620923222
0.142514517556934,0.939671596272712,0.000260855170530649,0.438805016030051,0.0111677697481697,2.59583190792916,0.0415993525173467,0.649372159529437
0.706984202646605,0.694164365209663,0.265120839031383,0.326573618038929,0.093233937019789,0.0415993525173467,3.12059655224352,0.665635914258534
0.324874493506119,0.521821812384203,0.951887882170099,0.668978416949832,0.473121620923222,0.649372159529437,0.665635914258534,2.59146384343285
