6.78759603452546,0.476648620409696,0.0238497596433673,0.391020205236447,0.387670982908419,0.406259745646239,0.728671716514413,0.702409051954609
0.476648620409696,6.77128683658402,0.128724832540048,0.393628460946228,0.0567461275568246,0.430212874307518,0.613983836213877,0.878504857620729
0.0238497596433673,0.128724832540048,6.62225578943143,0.601848346624112,0.689570563501308,0.65931227475277,0.900597744618627,0.711011230032179
0.391020205236447,0.393628460946228,0.601848346624112,5.90550105799888,0.520390906147981,0.218391174494733,0.252779362261954,0.661080239559753
0.387670982908419,0.0567461275568246,0.689570563501308,0.520390906147981,5.95770204373371,0.0810886587320904,0.220095317728444,0.439577433804283
0.406259745646239,0.430212874307518,0.65931227475277,0.218391174494733,0.0810886587320904,6.34928725697231,0.235804992489581,0.562793600207276
0.728671716514413,0.613983836213877,0.900597744618627,0.252779362261954,0.220095317728444,0.235804992489581,6.6917450946471,0.990311323399718
0.702409051954609,0.878504857620729,0.711011230032179,0.661080239559753,0.439577433804283,0.562793600207276,0.990311323399718,6.83893099638206
